0.00 0.05 0.00512658 0.979494 0.00256329 0.966677 0.199979 0.0999896 0.600042 0.500052 0.955011 0.942515 0.0149979 0.0124987
0.00 0.05 0.00256329 0.997437 0.00256329 0.997437 0.0999896 0.0999896 0.90001 0.90001 0.972506 0.972506 0.0224956 0.0224956 
0.01 0.05 0.00268763 0.997312 0.00243891 0.997561 0.104866 0.0951142 0.895134 0.904886 0.972628 0.972384 0.0223737 0.0226174
0.03 0.05 0.00293623 0.997064 0.00219007 0.99781 0.114623 0.0853669 0.885377 0.914633 0.972872 0.97214 0.0221298 0.0228611
0.05 0.05 0.0031847 0.996815 0.0019411 0.998059 0.124385 0.0756246 0.875615 0.924375 0.973116 0.971897 0.0218858 0.0231046
0.07 0.05 0.00343304 0.996567 0.00169201 0.998308 0.134152 0.0658871 0.865848 0.934113 0.97336 0.971654 0.0216417 0.023348
0.09 0.05 0.00368126 0.996319 0.0014428 0.998557 0.143923 0.0561545 0.856077 0.943845 0.973604 0.97141 0.0213975 0.0235912
0.11 0.05 0.00392936 0.996071 0.00119345 0.998807 0.1537 0.0464268 0.8463 0.953573 0.973848 0.971167 0.0211531 0.0238344
0.13 0.05 0.00417733 0.995823 0.000943989 0.999056 0.163481 0.0367039 0.836519 0.963296 0.974093 0.970924 0.0209086 0.0240774
0.15 0.05 0.00442518 0.995575 0.000694398 0.999306 0.173268 0.0269859 0.826732 0.973014 0.974338 0.970681 0.020664 0.0243203
0.17 0.05 0.00467291 0.995327 0.000444683 0.999555 0.183059 0.0172728 0.816941 0.982727 0.974582 0.970438 0.0204193 0.0245631
0.19 0.05 0.00492051 0.995079 0.000194843 0.999805 0.192855 0.00756448 0.807145 0.992436 0.974827 0.970196 0.0201744 0.0248057
0.21 0.05 0.00771785 0.992282 0.00252166 0.997478 0.302645 0.0978506 0.697355 0.902149 0.972573 0.967454 0.0174302 0.022549
0.23 0.05 0.00796393 0.992036 0.00227286 0.997727 0.312451 0.088152 0.687549 0.911848 0.972818 0.967212 0.0171851 0.0227915
0.25 0.05 0.00820989 0.99179 0.00202393 0.997976 0.322262 0.0784583 0.677738 0.921542 0.973063 0.966969 0.0169399 0.0230337
0.27 0.05 0.00845572 0.991544 0.00177488 0.998225 0.332078 0.0687694 0.667922 0.931231 0.973309 0.966727 0.0166946 0.0232759
0.29 0.05 0.00870143 0.991299 0.00152571 0.998474 0.341898 0.0590853 0.658102 0.940915 0.973554 0.966485 0.0164491 0.023518
